45512544.000000
45512544.000000
45513152.000000
45512528.000000
45513152.000000
45512508.000000
45513124.000000
45512480.000000
45513104.000000
45512460.000000
45513080.000000
45512456.000000
45513056.000000
45512440.000000
45513048.000000
45512432.000000
45513020.000000
45512428.000000
45513004.000000
45512424.000000
45512984.000000
45512412.000000
45512964.000000
45512400.000000
45512944.000000
45512404.000000
45512932.000000
45512404.000000
45512908.000000
45512404.000000
45512896.000000
45512400.000000
45512884.000000
45512408.000000
45512872.000000
45512408.000000
45512864.000000
45512408.000000
45512852.000000
45512408.000000
45512848.000000
45512412.000000
45512836.000000
45512416.000000
45512816.000000
45512416.000000
45512808.000000
45512424.000000
45512804.000000
45512428.000000
45512796.000000
45512432.000000
45512788.000000
45512432.000000
45512788.000000
45512436.000000
45512784.000000
45512440.000000
45512780.000000
45512444.000000
45512764.000000
45512452.000000
45512760.000000
45512460.000000
45512760.000000
45512460.000000
45512752.000000
45512472.000000
45512748.000000
45512472.000000
45512744.000000
45512472.000000
45512728.000000
45512476.000000
45512728.000000
45512480.000000
45512720.000000
45512492.000000
45512720.000000
45512496.000000
45512712.000000
45512504.000000
45512704.000000
45512504.000000
45512712.000000
45512508.000000
45512700.000000
45512508.000000
45512696.000000
45512512.000000
45512700.000000
45512516.000000
45512696.000000
45512516.000000
45512700.000000
45512520.000000
45512692.000000
45512528.000000
45512692.000000
45512532.000000
45512688.000000
45512532.000000
45512684.000000
45512540.000000
45512680.000000
45512532.000000
45512684.000000
45512540.000000
45512680.000000
45512540.000000
45512680.000000
45512548.000000
45512684.000000
45512548.000000
45512680.000000
45512556.000000
45512672.000000
45512548.000000
45512676.000000
45512552.000000
45512676.000000
45512556.000000
45512676.000000
45512560.000000
45512672.000000
45512560.000000
45512672.000000
45512556.000000
45512672.000000
45512564.000000
45512672.000000
45512568.000000
45512672.000000
45512568.000000
45512672.000000
45512568.000000
45512672.000000
45512572.000000
45512668.000000
45512572.000000
45512664.000000
45512576.000000
45512664.000000
45512584.000000
45512672.000000
45512584.000000
45512664.000000
45512584.000000
45512672.000000
45512596.000000
45512668.000000
45512600.000000
45512672.000000
45512596.000000
45512672.000000
45512604.000000
45512668.000000
45512604.000000
45512664.000000
45512608.000000
45512672.000000
45512612.000000
45512672.000000
45512608.000000
45512668.000000
45512612.000000
45512668.000000
45512608.000000
45512672.000000
45512608.000000
45512672.000000
45512612.000000
45512676.000000
45512612.000000
45512672.000000
45512612.000000
45512676.000000
45512616.000000
45512668.000000
45512616.000000
45512676.000000
45512612.000000
45512680.000000
45512616.000000
45512676.000000
45512616.000000
45512676.000000
45512624.000000
45512672.000000
45512628.000000
45512676.000000
45512628.000000
45512676.000000
45512628.000000
45512676.000000
45512628.000000
45512684.000000
45512632.000000
45512684.000000
45512636.000000
45512680.000000
45512632.000000
45512680.000000
45512636.000000
45512684.000000
45512636.000000
45512684.000000
45512636.000000
45512684.000000
45512640.000000
45512688.000000
45512636.000000
45512688.000000
45512644.000000
45512688.000000
45512648.000000
45512688.000000
45512648.000000
45512692.000000
45512648.000000
45512696.000000
45512648.000000
45512696.000000
45512652.000000
45512696.000000
45512656.000000
45512700.000000
45512656.000000
45512696.000000
45512656.000000
45512696.000000
45512656.000000
45512696.000000
45512656.000000
45512700.000000
45512656.000000
45512704.000000
45512656.000000
45512700.000000
45512664.000000
45512696.000000
45512660.000000
45512700.000000
45512660.000000
45512700.000000
45512664.000000
45512700.000000
45512664.000000
45512700.000000
45512672.000000
45512700.000000
45512672.000000
45512704.000000
45512672.000000
45512700.000000
45512672.000000
45512704.000000
45512672.000000
45512704.000000
45512672.000000
45512700.000000
45512672.000000
45512704.000000
45512676.000000
45512708.000000
45512676.000000
45512712.000000
45512680.000000
45512704.000000
45512676.000000
45512708.000000
45512680.000000
45512708.000000
45512684.000000
45512712.000000
45512684.000000
45512712.000000
45512684.000000
45512712.000000
45512684.000000
45512704.000000
45512696.000000
45512712.000000
45512692.000000
45512716.000000
45512700.000000
45512716.000000
45512696.000000
45512720.000000
45512696.000000
45512724.000000
45512696.000000
45512720.000000
45512700.000000
45512720.000000
45512700.000000
45512724.000000
45512696.000000
45512724.000000
45512700.000000
45512724.000000
45512704.000000
45512724.000000
45512700.000000
45512728.000000
45512708.000000
45512728.000000
45512708.000000
45512728.000000
45512708.000000
45512728.000000
45512704.000000
45512728.000000
45512712.000000
45512728.000000
45512712.000000
45512728.000000
45512712.000000
45512736.000000
45512716.000000
45512732.000000
45512716.000000
45512732.000000
45512720.000000
45512732.000000
45512716.000000
45512732.000000
45512720.000000
45512736.000000
45512720.000000
45512736.000000
45512724.000000
45512736.000000
45512724.000000
45512736.000000
45512724.000000
45512740.000000
45512720.000000
45512736.000000
45512728.000000
45512740.000000
45512728.000000
45512736.000000
45512728.000000
45512740.000000
45512728.000000
45512740.000000
45512732.000000
45512740.000000
45512728.000000
45512740.000000
45512732.000000
45512740.000000
45512728.000000
45512740.000000
45512732.000000
45512748.000000
45512728.000000
45512744.000000
45512736.000000
45512748.000000
45512728.000000
45512744.000000
45512732.000000
45512744.000000
45512732.000000
45512752.000000
45512736.000000
45512760.000000
45512740.000000
45512752.000000
45512744.000000
45512760.000000
45512740.000000
45512760.000000
45512744.000000
45512760.000000
45512740.000000
45512760.000000
45512744.000000
45512768.000000
45512748.000000
45512768.000000
45512740.000000
45512768.000000
45512744.000000
45512768.000000
45512752.000000
45512768.000000
45512756.000000
45512780.000000
45512752.000000
45512776.000000
45512756.000000
45512780.000000
45512752.000000
45512772.000000
45512764.000000
45512776.000000
45512764.000000
45512780.000000
45512760.000000
45512780.000000
45512756.000000
45512784.000000
45512768.000000
45512784.000000
45512772.000000
45512784.000000
45512772.000000
45512784.000000
45512768.000000
45512784.000000
45512776.000000
45512788.000000
45512772.000000
45512788.000000
45512776.000000
45512788.000000
45512776.000000
45512792.000000
45512784.000000
45512792.000000
45512776.000000
45512792.000000
45512784.000000
45512796.000000
45512792.000000
45512796.000000
45512788.000000
45512796.000000
45512788.000000
45512796.000000
45512784.000000
45512800.000000
45512792.000000
45512800.000000
45512796.000000
45512800.000000
45512788.000000
45512804.000000
45512792.000000
45512804.000000
45512796.000000
45512804.000000
45512800.000000
45512808.000000
45512800.000000
45512804.000000
45512804.000000
45512808.000000
45512796.000000
45512804.000000
45512804.000000
45512808.000000
45512800.000000
45512808.000000
45512804.000000
45512812.000000
45512808.000000
45512808.000000
45512804.000000
45512808.000000
45512804.000000
45512812.000000
45512804.000000
45512812.000000
45512804.000000
45512816.000000
45512808.000000
45512816.000000
45512812.000000
45512816.000000
45512808.000000
45512816.000000
45512808.000000
45512816.000000
45512812.000000
45512816.000000
45512812.000000
45512824.000000
45512812.000000
45512816.000000
45512816.000000
45512824.000000
45512816.000000
45512824.000000
45512820.000000
45512832.000000
45512816.000000
45512832.000000
45512820.000000
45512832.000000
45512820.000000
45512836.000000
45512816.000000
45512840.000000
45512816.000000
45512836.000000
45512832.000000
45512836.000000
45512824.000000
45512836.000000
45512828.000000
45512836.000000
45512832.000000
45512836.000000
45512828.000000
45512840.000000
45512832.000000
45512840.000000
45512836.000000
45512844.000000
45512836.000000
45512844.000000
45512832.000000
45512844.000000
45512836.000000
45512844.000000
45512836.000000
45512844.000000
45512836.000000
45512844.000000
45512836.000000
45512844.000000
45512836.000000
45512852.000000
45512844.000000
45512844.000000
45512844.000000
45512852.000000
45512844.000000
45512852.000000
45512844.000000
45512844.000000
45512844.000000
45512856.000000
45512844.000000
45512852.000000
45512848.000000
45512856.000000
45512852.000000
45512852.000000
45512848.000000
45512852.000000
45512852.000000
45512860.000000
45512852.000000
45512860.000000
45512848.000000
45512868.000000
45512852.000000
45512860.000000
45512852.000000
45512860.000000
45512852.000000
45512872.000000
45512856.000000
45512868.000000
45512860.000000
45512872.000000
45512864.000000
45512872.000000
45512864.000000
45512868.000000
45512864.000000
45512868.000000
45512864.000000
45512872.000000
45512860.000000
45512876.000000
45512868.000000
45512876.000000
45512880.000000
45512888.000000
45512872.000000
45512888.000000
45512876.000000
45512888.000000
45512880.000000
45512888.000000
45512872.000000
45512888.000000
45512880.000000
45512892.000000
45512880.000000
45512896.000000
45512888.000000
45512892.000000
45512884.000000
45512892.000000
45512884.000000
45512896.000000
45512892.000000
45512896.000000
45512892.000000
45512896.000000
45512892.000000
45512896.000000
45512892.000000
45512896.000000
45512892.000000
45512900.000000
45512900.000000
45512900.000000
45512896.000000
45512904.000000
45512892.000000
45512908.000000
45512900.000000
45512908.000000
45512900.000000
45512908.000000
45512900.000000
45512908.000000
45512900.000000
45512912.000000
45512908.000000
45512908.000000
45512912.000000
45512912.000000
45512912.000000
45512912.000000
45512908.000000
45512912.000000
45512908.000000
45512916.000000
45512908.000000
45512912.000000
45512912.000000
45512912.000000
45512912.000000
45512916.000000
45512912.000000
45512916.000000
45512916.000000
45512916.000000
45512916.000000
45512920.000000
45512912.000000
45512920.000000
45512916.000000
45512924.000000
45512916.000000
45512924.000000
45512920.000000
45512928.000000
45512928.000000
45512928.000000
45512924.000000
45512936.000000
45512928.000000
45512936.000000
45512932.000000
45512932.000000
45512928.000000
45512932.000000
45512932.000000
45512936.000000
45512928.000000
45512936.000000
45512936.000000
45512936.000000
45512936.000000
45512936.000000
45512936.000000
45512944.000000
45512936.000000
45512940.000000
45512936.000000
45512940.000000
45512936.000000
45512940.000000
45512944.000000
45512944.000000
45512940.000000
45512940.000000
45512940.000000
45512944.000000
45512944.000000
45512940.000000
45512940.000000
45512944.000000
45512940.000000
45512944.000000
45512944.000000
45512944.000000
45512944.000000
45512948.000000
45512944.000000
45512948.000000
45512948.000000
45512952.000000
45512948.000000
45512952.000000
45512948.000000
45512956.000000
45512952.000000
45512956.000000
45512948.000000
45512960.000000
45512948.000000
45512960.000000
45512956.000000
45512960.000000
45512952.000000
45512964.000000
45512960.000000
45512968.000000
45512960.000000
45512968.000000
45512964.000000
45512972.000000
45512968.000000
45512972.000000
45512968.000000
45512972.000000
45512972.000000
45512980.000000
45512972.000000
45512980.000000
45512968.000000
45512976.000000
45512972.000000
45512984.000000
45512972.000000
45512984.000000
45512972.000000
45512984.000000
45512976.000000
45512980.000000
45512976.000000
45512980.000000
45512980.000000
45512988.000000
45512984.000000
45512980.000000
45512984.000000
45512984.000000
45512980.000000
45512984.000000
45512984.000000
45512984.000000
45512984.000000
45512988.000000
45512984.000000
45512984.000000
45512988.000000
45512996.000000
45512988.000000
45512988.000000
45512992.000000
45512988.000000
45512988.000000
45512992.000000
45512996.000000
45512992.000000
45512992.000000
45512996.000000
45512996.000000
45513000.000000
45512996.000000
45512992.000000
45512996.000000
45513000.000000
45512996.000000
45513004.000000
45513004.000000
45513000.000000
45513000.000000
45512996.000000
45513000.000000
45513004.000000
45513000.000000
45513008.000000
45513008.000000
45513008.000000
45513004.000000
45513008.000000
45513012.000000
45513008.000000
45513008.000000
45513012.000000
45513004.000000
45513012.000000
45513016.000000
45513012.000000
45513008.000000
45513012.000000
45513008.000000
45513016.000000
45513016.000000
45513020.000000
45513012.000000
45513020.000000
45513020.000000
45513016.000000
45513020.000000
45513020.000000
45513020.000000
45513020.000000
45513020.000000
45513024.000000
45513020.000000
45513020.000000
45513028.000000
45513028.000000
45513024.000000
45513028.000000
45513028.000000
45513028.000000
45513028.000000
45513032.000000
45513032.000000
45513032.000000
45513028.000000
45513036.000000
45513032.000000
45513040.000000
45513032.000000
45513040.000000
45513032.000000
45513036.000000
45513032.000000
45513044.000000
45513036.000000
45513036.000000
45513036.000000
45513040.000000
45513040.000000
45513036.000000
45513040.000000
45513036.000000
45513040.000000
45513044.000000
45513048.000000
45513048.000000
45513048.000000
45513048.000000
45513044.000000
45513048.000000
45513048.000000
45513048.000000
45513044.000000
45513048.000000
45513048.000000
45513048.000000
45513044.000000
45513048.000000
45513052.000000
45513056.000000
45513048.000000
45513048.000000
45513056.000000
45513052.000000
45513056.000000
45513056.000000
45513060.000000
45513064.000000
45513056.000000
45513064.000000
45513064.000000
45513064.000000
45513064.000000
45513064.000000
45513068.000000
45513064.000000
45513068.000000
45513064.000000
45513068.000000
45513072.000000
45513076.000000
45513076.000000
45513076.000000
45513076.000000
45513076.000000
45513076.000000
45513080.000000
45513080.000000
45513080.000000
45513080.000000
45513080.000000
45513076.000000
45513084.000000
45513084.000000
45513080.000000
45513080.000000
45513084.000000
45513084.000000
45513084.000000
45513084.000000
45513084.000000
45513084.000000
45513084.000000
45513084.000000
45513084.000000
45513084.000000
45513084.000000
45513088.000000
45513088.000000
45513088.000000
45513088.000000
45513092.000000
45513088.000000
45513096.000000
45513096.000000
45513096.000000
45513096.000000
45513096.000000
45513096.000000
45513096.000000
45513096.000000
45513096.000000
45513096.000000
45513096.000000
45513096.000000
45513096.000000
45513096.000000
45513096.000000
45513104.000000
45513096.000000
45513104.000000
45513100.000000
45513104.000000
45513104.000000
45513108.000000
45513104.000000
45513108.000000
45513104.000000
45513108.000000
45513108.000000
45513108.000000
45513112.000000
45513108.000000
45513112.000000
45513108.000000
45513108.000000
45513112.000000
45513112.000000
45513108.000000
45513116.000000
45513116.000000
45513116.000000
45513116.000000
45513116.000000
45513116.000000
45513120.000000
45513116.000000
45513116.000000
45513116.000000
45513120.000000
45513116.000000
45513120.000000
45513120.000000
45513124.000000
45513120.000000
45513124.000000
45513124.000000
45513124.000000
45513124.000000
45513128.000000
45513120.000000
45513124.000000
45513124.000000
45513124.000000
45513128.000000
45513128.000000
45513128.000000
45513132.000000
45513128.000000
45513128.000000
45513132.000000
45513132.000000
45513128.000000
45513136.000000
45513132.000000
45513132.000000
45513136.000000
45513132.000000
45513136.000000
45513136.000000
45513136.000000
45513140.000000
45513136.000000
45513136.000000
45513136.000000
45513136.000000
45513136.000000
45513136.000000
45513136.000000
45513140.000000
45513140.000000
45513140.000000
45513140.000000
45513140.000000
45513144.000000
45513144.000000
45513140.000000
45513144.000000
45513144.000000
45513144.000000
45513144.000000
45513144.000000
45513144.000000
45513140.000000
45513140.000000
45513144.000000
45513144.000000
45513152.000000
45513152.000000
45513148.000000
45513152.000000
45513152.000000
45513152.000000
45513152.000000
45513152.000000
45513152.000000
45513156.000000
45513156.000000
45513152.000000
45513152.000000
45513152.000000
45513156.000000
45513152.000000
45513160.000000
45513160.000000
45513156.000000
45513160.000000
45513168.000000
45513160.000000
45513160.000000
45513168.000000
45513168.000000
45513168.000000
45513172.000000
45513160.000000
45513176.000000
45513172.000000
45513176.000000
45513172.000000
45513176.000000
45513180.000000
45513176.000000
45513164.000000
45513176.000000
45513176.000000
45513176.000000
45513176.000000
45513180.000000
45513184.000000
45513184.000000
45513184.000000
45513184.000000
45513188.000000
45513188.000000
45513188.000000
45513192.000000
45513188.000000
45513192.000000
45513192.000000
45513192.000000
45513196.000000
45513196.000000
45513192.000000
45513196.000000
45513200.000000
45513200.000000
45513200.000000
45513200.000000
45513196.000000
45513200.000000
45513196.000000
45513200.000000
45513200.000000
45513200.000000
45513196.000000
45513196.000000
45513200.000000
45513200.000000
45513200.000000
45513200.000000
45513200.000000
45513204.000000
45513200.000000
45513200.000000
45513204.000000
45513208.000000
45513208.000000
45513200.000000
45513204.000000
45513208.000000
45513208.000000
45513208.000000
45513212.000000
45513220.000000
45513216.000000
45513212.000000
45513208.000000
45513216.000000
45513216.000000
45513216.000000
45513216.000000
45513220.000000
45513220.000000
45513216.000000
45513220.000000
45513216.000000
45513216.000000
45513216.000000
45513216.000000
45513228.000000
45513224.000000
45513224.000000
45513228.000000
45513228.000000
45513224.000000
45513232.000000
45513224.000000
45513232.000000
45513232.000000
45513228.000000
45513224.000000
45513232.000000
45513228.000000
45513232.000000
45513232.000000
45513228.000000
45513236.000000
45513228.000000
45513240.000000
45513228.000000
45513240.000000
45513232.000000
45513240.000000
45513240.000000
45513240.000000
45513228.000000
45513240.000000
45513236.000000
45513240.000000
45513240.000000
45513240.000000
45513240.000000
45513248.000000
45513240.000000
45513244.000000
45513248.000000
45513256.000000
45513248.000000
45513248.000000
45513256.000000
45513248.000000
45513248.000000
45513256.000000
45513256.000000
45513256.000000
45513260.000000
45513256.000000
45513256.000000
45513264.000000
45513264.000000
45513264.000000
45513252.000000
45513264.000000
45513260.000000
45513264.000000
45513256.000000
45513264.000000
45513268.000000
45513268.000000
45513268.000000
45513272.000000
45513272.000000
45513268.000000
45513272.000000
45513276.000000
45513280.000000
45513276.000000
45513276.000000
45513276.000000
45513276.000000
45513276.000000
45513280.000000
45513280.000000
45513276.000000
45513276.000000
45513280.000000
45513276.000000
45513280.000000
45513280.000000
45513280.000000
45513280.000000
45513284.000000
45513284.000000
45513280.000000
45513284.000000
45513284.000000
45513280.000000
45513284.000000
45513284.000000
45513280.000000
45513284.000000
45513284.000000
45513288.000000
45513288.000000
45513288.000000
45513288.000000
45513284.000000
45513288.000000
45513292.000000
45513288.000000
45513292.000000
45513288.000000
45513288.000000
45513292.000000
45513288.000000
45513288.000000
45513292.000000
45513292.000000
45513292.000000
45513292.000000
45513292.000000
45513292.000000
45513292.000000
45513292.000000
45513296.000000
45513292.000000
45513296.000000
45513296.000000
45513296.000000
45513296.000000
45513300.000000
45513296.000000
45513300.000000
45513300.000000
45513300.000000
45513300.000000
45513296.000000
45513308.000000
45513304.000000
45513304.000000
45513304.000000
45513304.000000
45513308.000000
45513308.000000
45513316.000000
45513308.000000
45513316.000000
45513312.000000
45513316.000000
45513320.000000
45513316.000000
45513316.000000
45513316.000000
45513316.000000
45513320.000000
45513316.000000
45513324.000000
45513324.000000
45513324.000000
45513324.000000
45513324.000000
45513328.000000
45513324.000000
45513328.000000
45513328.000000
45513324.000000
45513328.000000
45513328.000000
45513332.000000
45513328.000000
45513328.000000
45513328.000000
45513328.000000
45513328.000000
45513328.000000
45513328.000000
45513332.000000
45513332.000000
45513332.000000
45513336.000000
45513332.000000
45513336.000000
45513336.000000
45513336.000000
45513332.000000
45513340.000000
45513336.000000
45513340.000000
45513344.000000
45513336.000000
45513340.000000
45513344.000000
45513344.000000
45513344.000000
45513340.000000
45513344.000000
45513344.000000
45513344.000000
45513344.000000
45513344.000000
45513344.000000
45513348.000000
45513348.000000
45513348.000000
45513344.000000
45513348.000000
45513348.000000
45513348.000000
45513348.000000
45513352.000000
45513344.000000
45513348.000000
45513348.000000
45513352.000000
45513352.000000
45513352.000000
45513352.000000
45513352.000000
45513352.000000
45513352.000000
45513352.000000
45513356.000000
45513356.000000
45513352.000000
45513356.000000
45513356.000000
45513360.000000
45513356.000000
45513356.000000
45513356.000000
45513356.000000
45513356.000000
45513364.000000
45513364.000000
45513356.000000
45513364.000000
45513356.000000
45513364.000000
45513364.000000
45513364.000000
45513360.000000
45513368.000000
45513368.000000
45513376.000000
45513372.000000
45513376.000000
45513372.000000
45513376.000000
45513372.000000
45513376.000000
45513384.000000
45513384.000000
45513380.000000
45513384.000000
45513380.000000
45513388.000000
45513380.000000
45513384.000000
45513384.000000
45513388.000000
45513384.000000
45513384.000000
45513388.000000
45513392.000000
45513388.000000
45513388.000000
45513392.000000
45513392.000000
45513388.000000
45513392.000000
45513392.000000
45513392.000000
45513392.000000
45513396.000000
45513392.000000
45513396.000000
45513400.000000
45513396.000000
45513400.000000
45513400.000000
45513396.000000
45513396.000000
45513400.000000
45513400.000000
45513400.000000
45513400.000000
45513396.000000
45513396.000000
45513400.000000
45513400.000000
45513404.000000
45513404.000000
45513404.000000
45513404.000000
45513404.000000
45513400.000000
45513404.000000
45513404.000000
45513408.000000
45513408.000000
45513404.000000
45513404.000000
45513412.000000
45513408.000000
45513408.000000
45513408.000000
45513408.000000
45513408.000000
45513408.000000
45513412.000000
45513408.000000
45513408.000000
45513412.000000
45513412.000000
45513412.000000
45513412.000000
45513416.000000
45513412.000000
45513412.000000
45513412.000000
45513412.000000
45513416.000000
45513416.000000
45513420.000000
45513416.000000
45513420.000000
45513420.000000
45513416.000000
45513424.000000
45513420.000000
45513416.000000
45513420.000000
45513428.000000
45513420.000000
45513424.000000
45513424.000000
45513428.000000
45513428.000000
45513428.000000
45513424.000000
45513432.000000
45513424.000000
45513424.000000
45513432.000000
45513432.000000
45513428.000000
45513436.000000
45513428.000000
45513432.000000
45513432.000000
45513432.000000
45513440.000000
45513432.000000
45513436.000000
45513436.000000
45513436.000000
45513440.000000
45513436.000000
45513440.000000
45513440.000000
45513448.000000
45513440.000000
45513444.000000
45513444.000000
45513440.000000
45513444.000000
45513448.000000
45513448.000000
45513448.000000
45513448.000000
45513456.000000
45513448.000000
45513452.000000
45513456.000000
45513456.000000
45513456.000000
45513456.000000
45513456.000000
45513456.000000
45513456.000000
45513456.000000
45513456.000000
45513460.000000
45513464.000000
45513460.000000
45513460.000000
45513460.000000
45513464.000000
45513464.000000
45513468.000000
45513468.000000
45513468.000000
45513464.000000
45513464.000000
45513472.000000
45513464.000000
45513464.000000
45513472.000000
45513464.000000
45513468.000000
45513464.000000
45513468.000000
45513468.000000
45513472.000000
45513472.000000
45513464.000000
45513472.000000
45513472.000000
45513472.000000
45513472.000000
45513476.000000
45513468.000000
45513472.000000
45513476.000000
45513476.000000
45513476.000000
45513476.000000
45513476.000000
45513480.000000
45513484.000000
45513476.000000
45513480.000000
45513484.000000
45513484.000000
45513484.000000
45513492.000000
45513492.000000
45513492.000000
45513484.000000
45513492.000000
45513484.000000
45513492.000000
45513484.000000
45513488.000000
45513492.000000
45513496.000000
45513496.000000
45513496.000000
45513492.000000
45513496.000000
45513496.000000
45513496.000000
45513496.000000
45513500.000000
45513496.000000
45513500.000000
45513500.000000
45513500.000000
45513496.000000
45513500.000000
45513500.000000
45513504.000000
45513504.000000
45513504.000000
45513508.000000
45513512.000000
45513504.000000
45513512.000000
45513508.000000
45513508.000000
45513512.000000
45513512.000000
45513512.000000
45513512.000000
45513512.000000
45513512.000000
45513516.000000
45513520.000000
45513512.000000
45513520.000000
45513524.000000
45513520.000000
45513524.000000
45513524.000000
45513516.000000
45513524.000000
45513524.000000
45513524.000000
45513524.000000
45513524.000000
45513520.000000
45513524.000000
45513524.000000
45513524.000000
45513528.000000
45513528.000000
45513528.000000
45513524.000000
45513524.000000
45513528.000000
45513532.000000
45513528.000000
45513524.000000
45513528.000000
45513532.000000
45513528.000000
45513528.000000
45513528.000000
45513532.000000
45513528.000000
45513532.000000
45513532.000000
45513536.000000
45513532.000000
45513536.000000
45513536.000000
45513540.000000
45513536.000000
45513540.000000
45513536.000000
45513540.000000
45513540.000000
45513540.000000
45513544.000000
45513540.000000
45513540.000000
45513540.000000
45513540.000000
45513540.000000
45513544.000000
45513540.000000
45513544.000000
45513548.000000
45513544.000000
45513544.000000
45513548.000000
45513540.000000
45513548.000000
45513548.000000
45513552.000000
45513548.000000
45513552.000000
45513548.000000
45513548.000000
45513548.000000
45513548.000000
45513552.000000
45513548.000000
45513552.000000
45513552.000000
45513556.000000
45513556.000000
45513560.000000
45513556.000000
45513560.000000
45513560.000000
45513556.000000
45513556.000000
45513560.000000
45513556.000000
45513556.000000
45513560.000000
45513564.000000
45513560.000000
45513564.000000
45513568.000000
45513564.000000
45513564.000000
45513564.000000
45513568.000000
45513568.000000
45513568.000000
45513572.000000
45513568.000000
45513568.000000
45513572.000000
45513568.000000
45513568.000000
45513568.000000
45513576.000000
45513572.000000
45513576.000000
45513572.000000
45513568.000000
45513580.000000
45513576.000000
45513580.000000
45513580.000000
45513580.000000
45513584.000000
45513584.000000
45513588.000000
45513584.000000
45513580.000000
45513584.000000
45513584.000000
45513584.000000
45513584.000000
45513584.000000
45513592.000000
45513584.000000
45513592.000000
45513592.000000
45513596.000000
45513592.000000
45513592.000000
45513592.000000
45513592.000000
45513596.000000
45513596.000000
45513600.000000
45513596.000000
45513596.000000
45513600.000000
45513596.000000
45513600.000000
45513600.000000
45513600.000000
45513604.000000
45513600.000000
45513604.000000
45513604.000000
45513604.000000
45513604.000000
45513604.000000
45513600.000000
45513608.000000
45513608.000000
45513608.000000
45513612.000000
45513608.000000
45513608.000000
45513612.000000
45513612.000000
45513612.000000
45513612.000000
45513612.000000
45513612.000000
45513612.000000
45513612.000000
45513616.000000
45513616.000000
45513616.000000
45513616.000000
45513616.000000
45513616.000000
45513616.000000
45513616.000000
45513616.000000
45513616.000000
45513620.000000
45513620.000000
45513624.000000
45513620.000000
45513620.000000
45513620.000000
45513620.000000
45513620.000000
45513624.000000
45513624.000000
45513624.000000
45513624.000000
45513624.000000
45513624.000000
45513628.000000
45513628.000000
45513624.000000
45513624.000000
45513632.000000
45513632.000000
45513628.000000
45513632.000000
45513624.000000
45513632.000000
45513628.000000
45513632.000000
45513632.000000
45513628.000000
45513628.000000
45513628.000000
45513628.000000
45513628.000000
45513628.000000
45513628.000000
45513636.000000
45513632.000000
45513632.000000
45513632.000000
45513644.000000
45513636.000000
45513640.000000
45513640.000000
45513640.000000
45513636.000000
45513640.000000
45513644.000000
45513652.000000
45513640.000000
45513644.000000
45513644.000000
45513652.000000
45513648.000000
45513652.000000
45513648.000000
45513656.000000
45513648.000000
45513656.000000
45513656.000000
45513660.000000
45513656.000000
45513660.000000
45513656.000000
45513660.000000
45513660.000000
45513668.000000
45513660.000000
45513668.000000
45513664.000000
45513668.000000
45513664.000000
45513668.000000
45513668.000000
45513672.000000
45513672.000000
45513668.000000
45513672.000000
45513664.000000
45513668.000000
45513672.000000
45513668.000000
45513668.000000
45513672.000000
45513676.000000
45513672.000000
45513676.000000
45513680.000000
45513680.000000
45513680.000000
45513680.000000
45513680.000000
45513680.000000
45513680.000000
45513684.000000
45513680.000000
45513680.000000
45513684.000000
45513684.000000
45513680.000000
45513684.000000
45513684.000000
45513684.000000
45513684.000000
45513688.000000
45513688.000000
45513692.000000
45513684.000000
45513688.000000
45513688.000000
45513688.000000
45513684.000000
45513688.000000
45513688.000000
45513692.000000
45513692.000000
45513692.000000
45513696.000000
45513700.000000
45513696.000000
45513700.000000
45513696.000000
45513700.000000
45513700.000000
45513700.000000
45513696.000000
45513704.000000
45513700.000000
45513700.000000
45513700.000000
45513696.000000
45513704.000000
45513700.000000
45513708.000000
45513704.000000
45513708.000000
45513704.000000
45513708.000000
45513708.000000
45513708.000000
45513704.000000
45513708.000000
45513712.000000
45513712.000000
45513708.000000
45513716.000000
45513708.000000
45513716.000000
45513716.000000
45513708.000000
45513712.000000
45513716.000000
45513716.000000
45513716.000000
45513716.000000
45513716.000000
45513716.000000
45513716.000000
45513720.000000
45513724.000000
45513720.000000
45513720.000000
45513720.000000
45513720.000000
45513720.000000
45513728.000000
45513720.000000
45513720.000000
45513728.000000
45513724.000000
45513728.000000
45513724.000000
45513728.000000
45513720.000000
45513720.000000
45513728.000000
45513728.000000
45513728.000000
45513736.000000
45513728.000000
45513740.000000
45513732.000000
45513736.000000
45513736.000000
45513740.000000
45513736.000000
45513736.000000
45513744.000000
45513736.000000
45513740.000000
45513744.000000
45513744.000000
45513744.000000
45513740.000000
45513740.000000
45513744.000000
45513744.000000
45513748.000000
45513752.000000
45513744.000000
45513748.000000
45513748.000000
45513752.000000
45513752.000000
45513752.000000
45513756.000000
45513752.000000
45513752.000000
45513752.000000
45513752.000000
45513752.000000
45513760.000000
45513752.000000
45513756.000000
45513760.000000
45513760.000000
45513760.000000
45513760.000000
45513760.000000
45513756.000000
45513764.000000
45513764.000000
45513768.000000
45513764.000000
45513768.000000
45513764.000000
45513768.000000
45513772.000000
45513772.000000
45513768.000000
45513772.000000
45513768.000000
45513772.000000
45513768.000000
45513772.000000
45513772.000000
45513772.000000
45513772.000000
45513772.000000
45513772.000000
45513772.000000
45513776.000000
45513772.000000
45513772.000000
45513776.000000
45513776.000000
45513776.000000
45513772.000000
45513776.000000
45513772.000000
45513780.000000
45513776.000000
45513784.000000
45513780.000000
45513780.000000
45513776.000000
45513776.000000
45513780.000000
45513780.000000
45513780.000000
45513780.000000
45513780.000000
45513780.000000
45513780.000000
45513784.000000
45513788.000000
45513788.000000
45513788.000000
45513788.000000
45513784.000000
45513792.000000
45513788.000000
45513788.000000
45513788.000000
45513788.000000
45513796.000000
45513796.000000
45513788.000000
45513792.000000
45513792.000000
45513800.000000
45513796.000000
45513796.000000
45513796.000000
45513796.000000
45513796.000000
45513800.000000
45513800.000000
45513796.000000
45513800.000000
45513804.000000
45513808.000000
45513800.000000
45513800.000000
45513800.000000
45513800.000000
45513808.000000
45513804.000000
45513808.000000
45513808.000000
45513804.000000
45513808.000000
45513812.000000
45513804.000000
45513804.000000
45513808.000000
45513808.000000
45513808.000000
45513812.000000
45513808.000000
45513812.000000
45513808.000000
45513816.000000
45513812.000000
45513812.000000
45513812.000000
45513816.000000
45513816.000000
45513816.000000
45513820.000000
45513816.000000
45513816.000000
45513820.000000
45513820.000000
45513820.000000
45513828.000000
45513820.000000
45513820.000000
45513828.000000
45513824.000000
45513828.000000
45513828.000000
45513828.000000
45513828.000000
45513828.000000
45513828.000000
45513828.000000
45513828.000000
45513832.000000
45513836.000000
45513832.000000
45513828.000000
45513832.000000
45513836.000000
45513828.000000
45513832.000000
45513836.000000
45513840.000000
45513836.000000
45513840.000000
45513836.000000
45513840.000000
45513844.000000
45513844.000000
45513844.000000
45513844.000000
45513844.000000
45513840.000000
45513844.000000
45513844.000000
45513852.000000
45513844.000000
45513852.000000
45513852.000000
45513852.000000
45513848.000000
45513860.000000
45513852.000000
45513856.000000
45513852.000000
45513860.000000
45513856.000000
45513856.000000
45513860.000000
45513860.000000
45513864.000000
45513868.000000
45513864.000000
45513868.000000
45513864.000000
45513864.000000
45513868.000000
